12.49 0.1 68.75
0.29 48.83 86.44
8.14 20.26 21.5
1.16 37.95 88.84
21.71 53.35 3.92
8.79 13.65 52.44
16.24 11.66 45.38
63.89 97.93 2.76
25.61 17.42 42.94
50.33 19.15 20.09
6.31 32.65 94.92
22.21 41.28 22.48
30.37 55.56 12.84
17.71 38.94 35.7
50.68 10.34 62.31
94.54 57.5 6.82
98.05 14.35 26.53
15.8 26.06 92.25
15.99 29.11 82.02
87.59 9.78 45.75
98.75 84.51 6.04
78.18 34.95 20.16
68.9 88.09 10.46
71.59 36.5 29.93
81.75 61.21 16.3
25.77 50.86 64.6
42.58 66.2 34.36
22.35 46.04 94.22
88.49 33.5 33.25
52.28 35.36 54.81
19.73 57 92.52
49.23 65.96 32.25
44.44 51.37 54.97
39.5 90.39 46.59
62.45 91.12 29.71
57.29 58.05 59.86
62.62 82.23 43.65
95.45 65.78 36.29
92.8 36.47 73.43
65.79 85.82 44.84
54.69 66.58 79.24
62.74 51.7 89.96
51.64 90.04 64.08
84.95 99.11 36.4
81.5 84.3 48.23
48.6 98.1 73.73
62.83 79.97 84.57
73.47 99.98 62.67
83.13 61.28 98.63
77.17 92.29 83.48
