12.49 0.1 68.75 85.8688
0.29 48.83 86.44 1224.05
8.14 20.26 21.5 3545.7
1.16 37.95 88.84 3910.91
21.71 53.35 3.92 4540.26
8.79 13.65 52.44 6291.93
16.24 11.66 45.38 8593.08
63.89 97.93 2.76 17268.6
25.61 17.42 42.94 19156.7
50.33 19.15 20.09 19363.1
6.31 32.65 94.92 19555.6
22.21 41.28 22.48 20610.3
30.37 55.56 12.84 21665.7
17.71 38.94 35.7 24619.7
50.68 10.34 62.31 32652.4
94.54 57.5 6.82 37073.9
98.05 14.35 26.53 37328.2
15.8 26.06 92.25 37983.8
15.99 29.11 82.02 38177.8
87.59 9.78 45.75 39190.8
98.75 84.51 6.04 50406
78.18 34.95 20.16 55085
68.9 88.09 10.46 63485.9
71.59 36.5 29.93 78208.1
81.75 61.21 16.3 81563.9
25.77 50.86 64.6 84668.8
42.58 66.2 34.36 96853.8
22.35 46.04 94.22 96951.8
88.49 33.5 33.25 98566.8
52.28 35.36 54.81 101323
19.73 57 92.52 104049
49.23 65.96 32.25 104723
44.44 51.37 54.97 125490
39.5 90.39 46.59 166345
62.45 91.12 29.71 169063
57.29 58.05 59.86 199075
62.62 82.23 43.65 224764
95.45 65.78 36.29 227854
92.8 36.47 73.43 248518
65.79 85.82 44.84 253171
54.69 66.58 79.24 288533
62.74 51.7 89.96 291799
51.64 90.04 64.08 297951
84.95 99.11 36.4 306466
81.5 84.3 48.23 331362
48.6 98.1 73.73 351520
62.83 79.97 84.57 424923
73.47 99.98 62.67 460344
83.13 61.28 98.63 502442
77.17 92.29 83.48 594546
