6.31 32.65 94.92
25.61 17.42 42.94
22.35 46.04 94.22
51.64 90.04 64.08
57.29 58.05 59.86
17.71 38.94 35.7
92.8 36.47 73.43
44.44 51.37 54.97
15.99 29.11 82.02
8.14 20.26 21.5
8.79 13.65 52.44
50.68 10.34 62.31
94.54 57.5 6.82
81.5 84.3 48.23
95.45 65.78 36.29
39.5 90.39 46.59
52.28 35.36 54.81
62.45 91.12 29.71
98.75 84.51 6.04
48.6 98.1 73.73
73.47 99.98 62.67
30.37 55.56 12.84
62.74 51.7 89.96
84.95 99.11 36.4
71.59 36.5 29.93
22.21 41.28 22.48
78.18 34.95 20.16
42.58 66.2 34.36
87.59 9.78 45.75
98.05 14.35 26.53
83.13 61.28 98.63
68.9 88.09 10.46
19.73 57 92.52
63.89 97.93 2.76
65.79 85.82 44.84
0.29 48.83 86.44
12.49 0.1 68.75
1.16 37.95 88.84
62.62 82.23 43.65
25.77 50.86 64.6
16.24 11.66 45.38
81.75 61.21 16.3
88.49 33.5 33.25
77.17 92.29 83.48
62.83 79.97 84.57
54.69 66.58 79.24
21.71 53.35 3.92
50.33 19.15 20.09
15.8 26.06 92.25
49.23 65.96 32.25
